2+2
10*8
10/2
15%%4
10-9
substract<-10-8
x<-5
x=10
y<-7
x*y
